These bands serve as the primary spectral features for microplastic identification.(Peak)

1.Acrylic:[1150, 1195, 1728, 2947]
2.Cellulose:[900, 1005, 1065, 1280, 1650]
3.ENR:[870, 1380, 1450, 2854, 2916, 2960]
4.EPDM:[720, 1376, 1466, 2848, 2918]
5.HDPE:[720, 731, 1470, 2850, 2915]
6.LDPE:[720, 731, 1460, 2850, 2920]
7.Nylon:[690, 1200, 1266, 1542, 1638, 2870, 2933, 3300]
8.PBAT:[728, 1020, 1105, 1270, 1715, 2365, 2960]
9.PBS:[805, 919, 954, 1050, 1151, 1312, 1313, 1715]
10.PC:[768, 830, 890, 1015, 1080, 1161, 1500, 1772, 2970]
11.PEEK:[895, 1094, 1235, 2915, 2977]
12.PEI:[1160, 1255, 1465, 1734, 2917, 2960]
13.PET:[725, 872, 1021, 1096, 1243, 1716, 2965]
14.PLA:[758, 875, 1088, 1184, 1360, 1456, 1751, 2921, 3300]
15.PMMA:[753, 841, 1146, 1437, 1724, 2366, 2952]
16.POM:[680, 768, 837, 927, 1218, 1488, 1596, 1651, 2364]
17.PP:[843, 973, 1000, 1168, 1377, 1456, 2841, 2920, 2950]
18.PS:[698, 757, 1454, 1494, 2921, 3027]
19.PTFE:[1146, 1201]
20.PU:[1017, 1086, 1226, 1375, 1542, 1601, 1642, 2868, 2971]
21.PVA:[837, 1088, 1326, 1419, 2362, 2910, 2940, 3281]
22.PVC:[875, 969, 1096, 1249, 1329, 1429, 2362, 2852, 2919]